1	1.012965	0.5337081	1.922581	M-146a.African.txt
2	0.9482992	0.8488031	1.059458	M-146a.African.txt
1	0.8837551	0.6360105	1.228004	M-146a.Asians.txt
2	2.004386	1.52638	2.632087	M-146a.Asians.txt
3	1.389385	0.9438809	2.045165	M-146a.Asians.txt
4	1.352672	0.7727822	2.367707	M-146a.Asians.txt
5	0.512199	0.3497528	0.7500951	M-146a.Asians.txt
6	1.062368	0.801886	1.407465	M-146a.Asians.txt
7	0.5210527	0.3258728	0.8331345	M-146a.Asians.txt
8	0.9279574	0.6039495	1.425789	M-146a.Asians.txt
9	0.6959451	0.5140812	0.9421462	M-146a.Asians.txt
10	1.194859	0.7394084	1.930852	M-146a.Asians.txt
11	1.833314	1.242867	2.704264	M-146a.Asians.txt
12	0.9247312	0.6665133	1.282987	M-146a.Asians.txt
13	0.8707324	0.6937038	1.092937	M-146a.Asians.txt
14	0.9727218	0.6905378	1.370218	M-146a.Asians.txt
15	0.6646519	0.5312927	0.8314853	M-146a.Asians.txt
16	0.9885011	0.8524731	1.146235	M-146a.Asians.txt
17	1.096723	0.642077	1.873296	M-146a.Asians.txt
18	1.39135	0.8696217	2.226089	M-146a.Asians.txt
19	0.3928114	0.270945	0.5694911	M-146a.Asians.txt
20	0.8150558	0.5502697	1.207255	M-146a.Asians.txt
1	0.8837551	0.6360105	1.228004	M-146a.BC-Asian.txt
2	2.004386	1.52638	2.632087	M-146a.BC-Asian.txt
3	1.352672	0.7727822	2.367707	M-146a.BC-Asian.txt
4	1.062368	0.801886	1.407465	M-146a.BC-Asian.txt
5	0.5210527	0.3258728	0.8331345	M-146a.BC-Asian.txt
6	0.9279574	0.6039495	1.425789	M-146a.BC-Asian.txt
7	1.194859	0.7394084	1.930852	M-146a.BC-Asian.txt
8	1.833314	1.242867	2.704264	M-146a.BC-Asian.txt
9	0.8707324	0.6937038	1.092937	M-146a.BC-Asian.txt
10	0.9727218	0.6905378	1.370218	M-146a.BC-Asian.txt
11	0.9885011	0.8524731	1.146235	M-146a.BC-Asian.txt
12	1.096723	0.642077	1.873296	M-146a.BC-Asian.txt
13	1.39135	0.8696217	2.226089	M-146a.BC-Asian.txt
1	1.209221	0.9639516	1.516898	M-146a.BC.Caucasians.txt
2	0.5471424	0.4146492	0.7219713	M-146a.BC.Caucasians.txt
3	1.000413	0.8273792	1.209635	M-146a.BC.Caucasians.txt
4	1.023721	0.9059899	1.156751	M-146a.BC.Caucasians.txt
1	0.8837551	0.6360105	1.228004	M-146a.BC.txt
2	2.004386	1.52638	2.632087	M-146a.BC.txt
3	1.352672	0.7727822	2.367707	M-146a.BC.txt
4	1.209221	0.9639516	1.516898	M-146a.BC.txt
5	1.062368	0.801886	1.407465	M-146a.BC.txt
6	0.5210527	0.3258728	0.8331345	M-146a.BC.txt
7	0.9279574	0.6039495	1.425789	M-146a.BC.txt
8	1.021914	0.8322576	1.254789	M-146a.BC.txt
9	1.194859	0.7394084	1.930852	M-146a.BC.txt
10	0.5471424	0.4146492	0.7219713	M-146a.BC.txt
11	1.833314	1.242867	2.704264	M-146a.BC.txt
12	0.8707324	0.6937038	1.092937	M-146a.BC.txt
13	0.9727218	0.6905378	1.370218	M-146a.BC.txt
14	1.000413	0.8273792	1.209635	M-146a.BC.txt
15	1.023721	0.9059899	1.156751	M-146a.BC.txt
16	0.9885011	0.8524731	1.146235	M-146a.BC.txt
17	1.096723	0.642077	1.873296	M-146a.BC.txt
18	1.012965	0.5337081	1.922581	M-146a.BC.txt
19	0.9482992	0.8488031	1.059458	M-146a.BC.txt
20	1.39135	0.8696217	2.226089	M-146a.BC.txt
1	1.209221	0.9639516	1.516898	M-146a.Caucasians.txt
2	0.5471424	0.4146492	0.7219713	M-146a.Caucasians.txt
3	0.968173	0.5959744	1.572817	M-146a.Caucasians.txt
4	1.000413	0.8273792	1.209635	M-146a.Caucasians.txt
5	1.023721	0.9059899	1.156751	M-146a.Caucasians.txt
1	1.389385	0.9438809	2.045165	M-146a.Gyn.txt
2	0.512199	0.3497528	0.7500951	M-146a.Gyn.txt
3	0.6959451	0.5140812	0.9421462	M-146a.Gyn.txt
4	0.9247312	0.6665133	1.282987	M-146a.Gyn.txt
5	0.6646519	0.5312927	0.8314853	M-146a.Gyn.txt
6	0.3928114	0.270945	0.5694911	M-146a.Gyn.txt
7	0.8150558	0.5502697	1.207255	M-146a.Gyn.txt
1	2.004386	1.52638	2.632087	M-146a.HQ.txt
2	1.209221	0.9639516	1.516898	M-146a.HQ.txt
3	0.5210527	0.3258728	0.8331345	M-146a.HQ.txt
4	0.9279574	0.6039495	1.425789	M-146a.HQ.txt
5	0.6959451	0.5140812	0.9421462	M-146a.HQ.txt
6	1.021914	0.8322576	1.254789	M-146a.HQ.txt
7	0.5471424	0.4146492	0.7219713	M-146a.HQ.txt
8	0.9247312	0.6665133	1.282987	M-146a.HQ.txt
9	0.8707324	0.6937038	1.092937	M-146a.HQ.txt
10	0.9727218	0.6905378	1.370218	M-146a.HQ.txt
11	1.000413	0.8273792	1.209635	M-146a.HQ.txt
12	0.6646519	0.5312927	0.8314853	M-146a.HQ.txt
13	1.023721	0.9059899	1.156751	M-146a.HQ.txt
14	0.9885011	0.8524731	1.146235	M-146a.HQ.txt
15	0.9482992	0.8488031	1.059458	M-146a.HQ.txt
16	1.39135	0.8696217	2.226089	M-146a.HQ.txt
1	0.8837551	0.6360105	1.228004	M-146a.LQ.txt
2	1.389385	0.9438809	2.045165	M-146a.LQ.txt
3	1.352672	0.7727822	2.367707	M-146a.LQ.txt
4	0.512199	0.3497528	0.7500951	M-146a.LQ.txt
5	1.062368	0.801886	1.407465	M-146a.LQ.txt
6	1.194859	0.7394084	1.930852	M-146a.LQ.txt
7	0.968173	0.5959744	1.572817	M-146a.LQ.txt
8	1.833314	1.242867	2.704264	M-146a.LQ.txt
9	1.096723	0.642077	1.873296	M-146a.LQ.txt
10	1.012965	0.5337081	1.922581	M-146a.LQ.txt
11	0.3928114	0.270945	0.5694911	M-146a.LQ.txt
12	0.8150558	0.5502697	1.207255	M-146a.LQ.txt
1	0.7464527	0.5407312	1.030441	M-149.HWE.txt
2	0.9503615	0.6829351	1.322508	M-149.HWE.txt
3	0.7471436	0.5916693	0.9434723	M-149.HWE.txt
4	1.0169	0.8727469	1.184863	M-149.HWE.txt
1	0.7464527	0.5407312	1.030441	M-149.overall.txt
2	0.9503615	0.6829351	1.322508	M-149.overall.txt
3	0.7471436	0.5916693	0.9434723	M-149.overall.txt
4	0.9332557	0.6486356	1.342767	M-149.overall.txt
5	1.0169	0.8727469	1.184863	M-149.overall.txt
6	1.390257	0.937704	2.061221	M-149.overall.txt
1	1.24429	0.8320051	1.860875	M-196a.BC-Asians.txt
2	1.03628	0.8003005	1.341841	M-196a.BC-Asians.txt
3	1.769899	1.001221	3.128721	M-196a.BC-Asians.txt
4	0.6866406	0.5633984	0.8368418	M-196a.BC-Asians.txt
5	0.6282711	0.4656803	0.84763	M-196a.BC-Asians.txt
6	0.827329	0.5425469	1.261593	M-196a.BC-Asians.txt
7	0.5936602	0.3165021	1.113523	M-196a.BC-Asians.txt
8	1.242268	0.8878353	1.738193	M-196a.BC-Asians.txt
9	1.092105	0.6482984	1.83973	M-196a.BC-Asians.txt
10	0.7944551	0.4811421	1.311793	M-196a.BC-Asians.txt
11	0.794412	0.5004807	1.260969	M-196a.BC-Asians.txt
12	1.074926	0.8592121	1.344798	M-196a.BC-Asians.txt
13	0.9930435	0.7091585	1.390571	M-196a.BC-Asians.txt
14	0.8277663	0.7162941	0.9565862	M-196a.BC-Asians.txt
15	1.442577	0.840695	2.475367	M-196a.BC-Asians.txt
16	0.584515	0.3664516	0.9323407	M-196a.BC-Asians.txt
1	1.24429	0.8320051	1.860875	M-196a.BC.txt
2	1.03628	0.8003005	1.341841	M-196a.BC.txt
3	1.769899	1.001221	3.128721	M-196a.BC.txt
4	0.9438922	0.7715862	1.154677	M-196a.BC.txt
5	0.6866406	0.5633984	0.8368418	M-196a.BC.txt
6	0.6282711	0.4656803	0.84763	M-196a.BC.txt
7	0.827329	0.5425469	1.261593	M-196a.BC.txt
8	0.5936602	0.3165021	1.113523	M-196a.BC.txt
9	1.242268	0.8878353	1.738193	M-196a.BC.txt
10	0.9283092	0.652076	1.321561	M-196a.BC.txt
11	1.092105	0.6482984	1.83973	M-196a.BC.txt
12	0.7944551	0.4811421	1.311793	M-196a.BC.txt
13	0.794412	0.5004807	1.260969	M-196a.BC.txt
14	1.074926	0.8592121	1.344798	M-196a.BC.txt
15	0.9930435	0.7091585	1.390571	M-196a.BC.txt
16	0.9713889	0.8767487	1.076245	M-196a.BC.txt
17	0.7074733	0.5602931	0.8933154	M-196a.BC.txt
18	0.8277663	0.7162941	0.9565862	M-196a.BC.txt
19	1.334069	1.025822	1.734939	M-196a.BC.txt
20	1.536688	0.9117814	2.589885	M-196a.BC.txt
21	1.442577	0.840695	2.475367	M-196a.BC.txt
22	1.047888	0.7514223	1.461321	M-196a.BC.txt
23	1.044393	0.9119878	1.196022	M-196a.BC.txt
24	0.584515	0.3664516	0.9323407	M-196a.BC.txt
1	1.065963	0.7343266	1.547374	M-196a.Gyn-Asians.txt
2	0.6174735	0.4208916	0.9058713	M-196a.Gyn-Asians.txt
3	0.6941121	0.5555718	0.8671997	M-196a.Gyn-Asians.txt
4	0.9279308	0.6878264	1.25185	M-196a.Gyn-Asians.txt
5	0.9003053	0.6498849	1.24722	M-196a.Gyn-Asians.txt
6	1.280758	0.8285577	1.979754	M-196a.Gyn-Asians.txt
7	0.352183	0.2376978	0.5218093	M-196a.Gyn-Asians.txt
1	1.065963	0.7343266	1.547374	M-196a.Gyn.txt
2	0.6174735	0.4208916	0.9058713	M-196a.Gyn.txt
3	0.6941121	0.5555718	0.8671997	M-196a.Gyn.txt
4	0.9279308	0.6878264	1.25185	M-196a.Gyn.txt
5	0.9003053	0.6498849	1.24722	M-196a.Gyn.txt
6	0.8332456	0.5341981	1.299702	M-196a.Gyn.txt
7	1.280758	0.8285577	1.979754	M-196a.Gyn.txt
8	0.352183	0.2376978	0.5218093	M-196a.Gyn.txt
1	3.306813	2.075099	5.269633	M-423.Asians.txt
2	1.044265	0.8027946	1.358366	M-423.Asians.txt
3	0.7263982	0.4893573	1.07826	M-423.Asians.txt
4	0.6413392	0.4007928	1.026256	M-423.Asians.txt
5	0.7643614	0.4566345	1.279466	M-423.Asians.txt
1	3.306813	2.075099	5.269633	M-423.BC.txt
2	1.263908	1.036641	1.540999	M-423.BC.txt
3	1.394919	0.9740926	1.997549	M-423.BC.txt
4	1.044265	0.8027946	1.358366	M-423.BC.txt
5	0.7263982	0.4893573	1.07826	M-423.BC.txt
6	0.7077698	0.5046506	0.9926434	M-423.BC.txt
7	0.6413392	0.4007928	1.026256	M-423.BC.txt
8	0.9568914	0.8460934	1.082199	M-423.BC.txt
9	0.7643614	0.4566345	1.279466	M-423.BC.txt
1	1.263908	1.036641	1.540999	M-423.HWE.txt
2	1.394919	0.9740926	1.997549	M-423.HWE.txt
3	1.044265	0.8027946	1.358366	M-423.HWE.txt
4	0.7263982	0.4893573	1.07826	M-423.HWE.txt
5	0.74198	0.5455937	1.009056	M-423.HWE.txt
6	0.6413392	0.4007928	1.026256	M-423.HWE.txt
7	0.9568914	0.8460934	1.082199	M-423.HWE.txt
8	0.7643614	0.4566345	1.279466	M-423.HWE.txt
1	3.306813	2.075099	5.269633	M-423.overall.txt
2	1.263908	1.036641	1.540999	M-423.overall.txt
3	1.394919	0.9740926	1.997549	M-423.overall.txt
4	1.044265	0.8027946	1.358366	M-423.overall.txt
5	0.7263982	0.4893573	1.07826	M-423.overall.txt
6	0.74198	0.5455937	1.009056	M-423.overall.txt
7	0.6413392	0.4007928	1.026256	M-423.overall.txt
8	0.9568914	0.8460934	1.082199	M-423.overall.txt
9	0.7643614	0.4566345	1.279466	M-423.overall.txt
1	1.446617	1.10779	1.889077	M-499.BC-Asian.txt
2	1.099196	0.8347933	1.447342	M-499.BC-Asian.txt
3	0.9467583	0.5998119	1.494388	M-499.BC-Asian.txt
4	1.554722	1.107143	2.183241	M-499.BC-Asian.txt
5	2.205575	1.267603	3.837605	M-499.BC-Asian.txt
6	0.456496	0.2826966	0.7371458	M-499.BC-Asian.txt
7	1.265499	1.01201	1.582482	M-499.BC-Asian.txt
8	1.265703	1.05183	1.523064	M-499.BC-Asian.txt
9	1.344961	0.8240572	2.19514	M-499.BC-Asian.txt
1	2.650944	1.831201	3.837646	M-499.Gyn.txt
2	1.649249	1.168565	2.32766	M-499.Gyn.txt
3	1.444144	1.012341	2.060129	M-499.Gyn.txt
4	0.6427066	0.3586683	1.151682	M-499.Gyn.txt
5	0.9229778	0.6211402	1.371491	M-499.Gyn.txt
1	1.446617	1.10779	1.889077	M-499.bc.txt
2	1.099196	0.8347933	1.447342	M-499.bc.txt
3	0.9467583	0.5998119	1.494388	M-499.bc.txt
4	1.554722	1.107143	2.183241	M-499.bc.txt
5	1.060407	0.8303676	1.354175	M-499.bc.txt
6	2.205575	1.267603	3.837605	M-499.bc.txt
7	0.456496	0.2826966	0.7371458	M-499.bc.txt
8	1.265499	1.01201	1.582482	M-499.bc.txt
9	0.9987255	0.8815838	1.131433	M-499.bc.txt
10	1.265703	1.05183	1.523064	M-499.bc.txt
11	1.344961	0.8240572	2.19514	M-499.bc.txt
12	1.006051	0.8804314	1.149595	M-499.bc.txt
1	0.9943323	0.6697046	1.476318	M-605.Asians.txt
2	1.100424	0.7947553	1.523656	M-605.Asians.txt
3	0.4524605	0.3044342	0.6724623	M-605.Asians.txt
1	0.9943323	0.6697046	1.476318	M-605.overall.txt
2	1.100424	0.7947553	1.523656	M-605.overall.txt
3	0.7320654	0.5965506	0.8983642	M-605.overall.txt
4	0.4524605	0.3044342	0.6724623	M-605.overall.txt
5	0.9996913	0.8836805	1.130932	M-605.overall.txt
1	0.5042623	0.2846417	0.8933353	M-608.Asians.txt
2	1.0853	0.88945	1.324276	M-608.Asians.txt
3	1.093773	0.9415889	1.270553	M-608.Asians.txt
4	1.06123	0.7573065	1.487125	M-608.Asians.txt
1	1.08474	0.8781286	1.339964	M-608.overall.txt
2	0.5042623	0.2846417	0.8933353	M-608.overall.txt
3	1.0853	0.88945	1.324276	M-608.overall.txt
4	1.093773	0.9415889	1.270553	M-608.overall.txt
5	1.06123	0.7573065	1.487125	M-608.overall.txt
1	1.450688	1.061598	1.982386	M-618.txt
2	1.08177	0.7696996	1.520368	M-618.txt
1	1.047092	0.8636756	1.269459	M-miR.100-HWE.txt
2	0.9588161	0.657907	1.397353	M-miR.100-HWE.txt
3	0.8365966	0.5963589	1.173612	M-miR.100-HWE.txt
1	0.7727047	0.5143142	1.16091	M-miR.100.overall.txt
2	1.047092	0.8636756	1.269459	M-miR.100.overall.txt
3	0.9588161	0.657907	1.397353	M-miR.100.overall.txt
1	0.8671845	0.5295078	1.420204	M-miR.124.hq.txt
2	1.328656	1.022244	1.726913	M-miR.124.hq.txt
3	0.9099538	0.5910235	1.400987	M-miR.124.hq.txt
1	1.153157	0.7041243	1.888546	M-miR.124.overall.txt
2	0.7526405	0.5790681	0.9782403	M-miR.124.overall.txt
3	0.4371395	0.265117	0.7207799	M-miR.124.overall.txt
4	1.098957	0.7137827	1.69198	M-miR.124.overall.txt
1	0.8837551	0.6360105	1.228004	M-miR.146a.HWE.txt
2	2.004386	1.52638	2.632087	M-miR.146a.HWE.txt
3	1.389385	0.9438809	2.045165	M-miR.146a.HWE.txt
4	1.209221	0.9639516	1.516898	M-miR.146a.HWE.txt
5	0.512199	0.3497528	0.7500951	M-miR.146a.HWE.txt
6	0.5210527	0.3258728	0.8331345	M-miR.146a.HWE.txt
7	0.6959451	0.5140812	0.9421462	M-miR.146a.HWE.txt
8	1.021914	0.8322576	1.254789	M-miR.146a.HWE.txt
9	0.5471424	0.4146492	0.7219713	M-miR.146a.HWE.txt
10	0.968173	0.5959744	1.572817	M-miR.146a.HWE.txt
11	0.9247312	0.6665133	1.282987	M-miR.146a.HWE.txt
12	0.8707324	0.6937038	1.092937	M-miR.146a.HWE.txt
13	0.9727218	0.6905378	1.370218	M-miR.146a.HWE.txt
14	1.000413	0.8273792	1.209635	M-miR.146a.HWE.txt
15	0.6646519	0.5312927	0.8314853	M-miR.146a.HWE.txt
16	1.023721	0.9059899	1.156751	M-miR.146a.HWE.txt
17	0.9885011	0.8524731	1.146235	M-miR.146a.HWE.txt
18	1.096723	0.642077	1.873296	M-miR.146a.HWE.txt
19	1.012965	0.5337081	1.922581	M-miR.146a.HWE.txt
20	0.9482992	0.8488031	1.059458	M-miR.146a.HWE.txt
21	1.39135	0.8696217	2.226089	M-miR.146a.HWE.txt
22	0.3928114	0.270945	0.5694911	M-miR.146a.HWE.txt
1	0.8837551	0.6360105	1.228004	M-miR.146a.overall.txt
2	2.004386	1.52638	2.632087	M-miR.146a.overall.txt
3	1.389385	0.9438809	2.045165	M-miR.146a.overall.txt
4	1.352672	0.7727822	2.367707	M-miR.146a.overall.txt
5	1.209221	0.9639516	1.516898	M-miR.146a.overall.txt
6	0.512199	0.3497528	0.7500951	M-miR.146a.overall.txt
7	1.062368	0.801886	1.407465	M-miR.146a.overall.txt
8	0.5210527	0.3258728	0.8331345	M-miR.146a.overall.txt
9	0.9279574	0.6039495	1.425789	M-miR.146a.overall.txt
10	0.6959451	0.5140812	0.9421462	M-miR.146a.overall.txt
11	1.021914	0.8322576	1.254789	M-miR.146a.overall.txt
12	1.194859	0.7394084	1.930852	M-miR.146a.overall.txt
13	0.5471424	0.4146492	0.7219713	M-miR.146a.overall.txt
14	0.968173	0.5959744	1.572817	M-miR.146a.overall.txt
15	1.833314	1.242867	2.704264	M-miR.146a.overall.txt
16	0.9247312	0.6665133	1.282987	M-miR.146a.overall.txt
17	0.8707324	0.6937038	1.092937	M-miR.146a.overall.txt
18	0.9727218	0.6905378	1.370218	M-miR.146a.overall.txt
19	1.000413	0.8273792	1.209635	M-miR.146a.overall.txt
20	0.6646519	0.5312927	0.8314853	M-miR.146a.overall.txt
21	1.023721	0.9059899	1.156751	M-miR.146a.overall.txt
22	0.9885011	0.8524731	1.146235	M-miR.146a.overall.txt
23	1.096723	0.642077	1.873296	M-miR.146a.overall.txt
24	1.012965	0.5337081	1.922581	M-miR.146a.overall.txt
25	0.9482992	0.8488031	1.059458	M-miR.146a.overall.txt
26	1.39135	0.8696217	2.226089	M-miR.146a.overall.txt
27	0.3928114	0.270945	0.5694911	M-miR.146a.overall.txt
28	0.8150558	0.5502697	1.207255	M-miR.146a.overall.txt
1	1.24429	0.8320051	1.860875	M-miR.196a.Asians.txt
2	1.03628	0.8003005	1.341841	M-miR.196a.Asians.txt
3	1.065963	0.7343266	1.547374	M-miR.196a.Asians.txt
4	1.769899	1.001221	3.128721	M-miR.196a.Asians.txt
5	0.6174735	0.4208916	0.9058713	M-miR.196a.Asians.txt
6	0.6866406	0.5633984	0.8368418	M-miR.196a.Asians.txt
7	0.6941121	0.5555718	0.8671997	M-miR.196a.Asians.txt
8	0.6282711	0.4656803	0.84763	M-miR.196a.Asians.txt
9	0.827329	0.5425469	1.261593	M-miR.196a.Asians.txt
10	0.5936602	0.3165021	1.113523	M-miR.196a.Asians.txt
11	1.242268	0.8878353	1.738193	M-miR.196a.Asians.txt
12	0.9279308	0.6878264	1.25185	M-miR.196a.Asians.txt
13	1.092105	0.6482984	1.83973	M-miR.196a.Asians.txt
14	0.7944551	0.4811421	1.311793	M-miR.196a.Asians.txt
15	0.794412	0.5004807	1.260969	M-miR.196a.Asians.txt
16	0.9003053	0.6498849	1.24722	M-miR.196a.Asians.txt
17	1.074926	0.8592121	1.344798	M-miR.196a.Asians.txt
18	0.9930435	0.7091585	1.390571	M-miR.196a.Asians.txt
19	0.8277663	0.7162941	0.9565862	M-miR.196a.Asians.txt
20	1.442577	0.840695	2.475367	M-miR.196a.Asians.txt
21	0.584515	0.3664516	0.9323407	M-miR.196a.Asians.txt
22	1.280758	0.8285577	1.979754	M-miR.196a.Asians.txt
23	0.352183	0.2376978	0.5218093	M-miR.196a.Asians.txt
1	0.9283092	0.652076	1.321561	M-miR.196a.BC.Caucasians.txt
2	0.9713889	0.8767487	1.076245	M-miR.196a.BC.Caucasians.txt
3	0.7074733	0.5602931	0.8933154	M-miR.196a.BC.Caucasians.txt
4	1.334069	1.025822	1.734939	M-miR.196a.BC.Caucasians.txt
5	1.047888	0.7514223	1.461321	M-miR.196a.BC.Caucasians.txt
1	1.03628	0.8003005	1.341841	M-miR.196a.BC.hq.txt
2	0.9438922	0.7715862	1.154677	M-miR.196a.BC.hq.txt
3	0.6866406	0.5633984	0.8368418	M-miR.196a.BC.hq.txt
4	0.827329	0.5425469	1.261593	M-miR.196a.BC.hq.txt
5	0.5936602	0.3165021	1.113523	M-miR.196a.BC.hq.txt
6	1.242268	0.8878353	1.738193	M-miR.196a.BC.hq.txt
7	0.9283092	0.652076	1.321561	M-miR.196a.BC.hq.txt
8	1.074926	0.8592121	1.344798	M-miR.196a.BC.hq.txt
9	0.9930435	0.7091585	1.390571	M-miR.196a.BC.hq.txt
10	0.9713889	0.8767487	1.076245	M-miR.196a.BC.hq.txt
11	0.7074733	0.5602931	0.8933154	M-miR.196a.BC.hq.txt
12	0.8277663	0.7162941	0.9565862	M-miR.196a.BC.hq.txt
13	1.044393	0.9119878	1.196022	M-miR.196a.BC.hq.txt
14	0.584515	0.3664516	0.9323407	M-miR.196a.BC.hq.txt
1	1.24429	0.8320051	1.860875	M-miR.196a.BC.lq.txt
2	1.769899	1.001221	3.128721	M-miR.196a.BC.lq.txt
3	0.6282711	0.4656803	0.84763	M-miR.196a.BC.lq.txt
4	1.092105	0.6482984	1.83973	M-miR.196a.BC.lq.txt
5	0.7944551	0.4811421	1.311793	M-miR.196a.BC.lq.txt
6	0.794412	0.5004807	1.260969	M-miR.196a.BC.lq.txt
7	1.334069	1.025822	1.734939	M-miR.196a.BC.lq.txt
8	1.536688	0.9117814	2.589885	M-miR.196a.BC.lq.txt
9	1.442577	0.840695	2.475367	M-miR.196a.BC.lq.txt
10	1.047888	0.7514223	1.461321	M-miR.196a.BC.lq.txt
1	0.9283092	0.652076	1.321561	M-miR.196a.Caucasians.txt
2	0.9713889	0.8767487	1.076245	M-miR.196a.Caucasians.txt
3	0.7074733	0.5602931	0.8933154	M-miR.196a.Caucasians.txt
4	1.334069	1.025822	1.734939	M-miR.196a.Caucasians.txt
5	0.978932	0.7215434	1.328136	M-miR.196a.Caucasians.txt
1	1.03628	0.8003005	1.341841	M-miR.196a.HQ.txt
2	0.9438922	0.7715862	1.154677	M-miR.196a.HQ.txt
3	0.6866406	0.5633984	0.8368418	M-miR.196a.HQ.txt
4	0.6941121	0.5555718	0.8671997	M-miR.196a.HQ.txt
5	0.827329	0.5425469	1.261593	M-miR.196a.HQ.txt
6	0.5936602	0.3165021	1.113523	M-miR.196a.HQ.txt
7	1.242268	0.8878353	1.738193	M-miR.196a.HQ.txt
8	0.9283092	0.652076	1.321561	M-miR.196a.HQ.txt
9	0.9279308	0.6878264	1.25185	M-miR.196a.HQ.txt
10	0.9003053	0.6498849	1.24722	M-miR.196a.HQ.txt
11	1.074926	0.8592121	1.344798	M-miR.196a.HQ.txt
12	0.9930435	0.7091585	1.390571	M-miR.196a.HQ.txt
13	0.9713889	0.8767487	1.076245	M-miR.196a.HQ.txt
14	0.7074733	0.5602931	0.8933154	M-miR.196a.HQ.txt
15	0.8277663	0.7162941	0.9565862	M-miR.196a.HQ.txt
16	1.044393	0.9119878	1.196022	M-miR.196a.HQ.txt
17	0.584515	0.3664516	0.9323407	M-miR.196a.HQ.txt
1	1.03628	0.8003005	1.341841	M-miR.196a.HWE.txt
2	1.065963	0.7343266	1.547374	M-miR.196a.HWE.txt
3	0.6174735	0.4208916	0.9058713	M-miR.196a.HWE.txt
4	0.9438922	0.7715862	1.154677	M-miR.196a.HWE.txt
5	0.6866406	0.5633984	0.8368418	M-miR.196a.HWE.txt
6	0.6941121	0.5555718	0.8671997	M-miR.196a.HWE.txt
7	0.6282711	0.4656803	0.84763	M-miR.196a.HWE.txt
8	0.5936602	0.3165021	1.113523	M-miR.196a.HWE.txt
9	1.242268	0.8878353	1.738193	M-miR.196a.HWE.txt
10	0.9283092	0.652076	1.321561	M-miR.196a.HWE.txt
11	0.9279308	0.6878264	1.25185	M-miR.196a.HWE.txt
12	1.092105	0.6482984	1.83973	M-miR.196a.HWE.txt
13	0.9003053	0.6498849	1.24722	M-miR.196a.HWE.txt
14	1.074926	0.8592121	1.344798	M-miR.196a.HWE.txt
15	0.9713889	0.8767487	1.076245	M-miR.196a.HWE.txt
16	0.7074733	0.5602931	0.8933154	M-miR.196a.HWE.txt
17	0.8277663	0.7162941	0.9565862	M-miR.196a.HWE.txt
18	1.334069	1.025822	1.734939	M-miR.196a.HWE.txt
19	0.978932	0.7215434	1.328136	M-miR.196a.HWE.txt
20	1.044393	0.9119878	1.196022	M-miR.196a.HWE.txt
21	0.584515	0.3664516	0.9323407	M-miR.196a.HWE.txt
22	1.280758	0.8285577	1.979754	M-miR.196a.HWE.txt
1	1.24429	0.8320051	1.860875	M-miR.196a.LQ.txt
2	1.065963	0.7343266	1.547374	M-miR.196a.LQ.txt
3	1.769899	1.001221	3.128721	M-miR.196a.LQ.txt
4	0.6174735	0.4208916	0.9058713	M-miR.196a.LQ.txt
5	0.6282711	0.4656803	0.84763	M-miR.196a.LQ.txt
6	1.092105	0.6482984	1.83973	M-miR.196a.LQ.txt
7	0.7944551	0.4811421	1.311793	M-miR.196a.LQ.txt
8	0.794412	0.5004807	1.260969	M-miR.196a.LQ.txt
9	1.334069	1.025822	1.734939	M-miR.196a.LQ.txt
10	1.536688	0.9117814	2.589885	M-miR.196a.LQ.txt
11	1.442577	0.840695	2.475367	M-miR.196a.LQ.txt
12	0.978932	0.7215434	1.328136	M-miR.196a.LQ.txt
13	1.280758	0.8285577	1.979754	M-miR.196a.LQ.txt
14	0.352183	0.2376978	0.5218093	M-miR.196a.LQ.txt
1	0.6174735	0.4208916	0.9058713	M-miR.196a.OC.txt
2	0.6941121	0.5555718	0.8671997	M-miR.196a.OC.txt
3	0.9003053	0.6498849	1.24722	M-miR.196a.OC.txt
4	0.8332456	0.5341981	1.299702	M-miR.196a.OC.txt
5	1.498875	0.8885884	2.52831	M-miR.196a.OC.txt
1	1.24429	0.8320051	1.860875	M-miR.196a.overall.txt
2	1.03628	0.8003005	1.341841	M-miR.196a.overall.txt
3	1.065963	0.7343266	1.547374	M-miR.196a.overall.txt
4	1.769899	1.001221	3.128721	M-miR.196a.overall.txt
5	0.6174735	0.4208916	0.9058713	M-miR.196a.overall.txt
6	0.9438922	0.7715862	1.154677	M-miR.196a.overall.txt
7	0.6866406	0.5633984	0.8368418	M-miR.196a.overall.txt
8	0.6941121	0.5555718	0.8671997	M-miR.196a.overall.txt
9	0.6282711	0.4656803	0.84763	M-miR.196a.overall.txt
10	0.827329	0.5425469	1.261593	M-miR.196a.overall.txt
11	0.5936602	0.3165021	1.113523	M-miR.196a.overall.txt
12	1.242268	0.8878353	1.738193	M-miR.196a.overall.txt
13	0.9283092	0.652076	1.321561	M-miR.196a.overall.txt
14	0.9279308	0.6878264	1.25185	M-miR.196a.overall.txt
15	1.092105	0.6482984	1.83973	M-miR.196a.overall.txt
16	0.7944551	0.4811421	1.311793	M-miR.196a.overall.txt
17	0.794412	0.5004807	1.260969	M-miR.196a.overall.txt
18	0.9003053	0.6498849	1.24722	M-miR.196a.overall.txt
19	1.074926	0.8592121	1.344798	M-miR.196a.overall.txt
20	0.9930435	0.7091585	1.390571	M-miR.196a.overall.txt
21	0.9713889	0.8767487	1.076245	M-miR.196a.overall.txt
22	0.7074733	0.5602931	0.8933154	M-miR.196a.overall.txt
23	0.8277663	0.7162941	0.9565862	M-miR.196a.overall.txt
24	1.334069	1.025822	1.734939	M-miR.196a.overall.txt
25	1.536688	0.9117814	2.589885	M-miR.196a.overall.txt
26	1.442577	0.840695	2.475367	M-miR.196a.overall.txt
27	0.978932	0.7215434	1.328136	M-miR.196a.overall.txt
28	1.044393	0.9119878	1.196022	M-miR.196a.overall.txt
29	0.584515	0.3664516	0.9323407	M-miR.196a.overall.txt
30	1.280758	0.8285577	1.979754	M-miR.196a.overall.txt
31	0.352183	0.2376978	0.5218093	M-miR.196a.overall.txt
1	0.839	0.6885582	1.022312	M-miR.218.CC.txt
2	1.084362	0.9575741	1.227937	M-miR.218.CC.txt
3	1.202437	1.004162	1.439861	M-miR.218.CC.txt
1	7.302394	3.699983	14.41222	M-miR.218.txt
2	0.839	0.6885582	1.022312	M-miR.218.txt
3	1.084362	0.9575741	1.227937	M-miR.218.txt
4	1.202437	1.004162	1.439861	M-miR.218.txt
1	0.9688932	0.6470215	1.450885	M-miR.26.txt
2	0.8607334	0.598116	1.23866	M-miR.26.txt
1	0.5791306	0.446954	0.7503955	M-miR.27a.BC.Asian.txt
2	1.027274	0.7836564	1.346625	M-miR.27a.BC.Asian.txt
3	0.8769612	0.6345612	1.211957	M-miR.27a.BC.Asian.txt
4	0.9875107	0.7288879	1.337898	M-miR.27a.BC.Asian.txt
5	0.5622335	0.3995602	0.7911361	M-miR.27a.BC.Asian.txt
6	0.8602338	0.6764727	1.093913	M-miR.27a.BC.Asian.txt
7	1.1802	0.8150299	1.708982	M-miR.27a.BC.Asian.txt
1	0.8940423	0.7755333	1.030661	M-miR.27a.BC.Caucasian.txt
2	0.8411961	0.7332751	0.9650006	M-miR.27a.BC.Caucasian.txt
3	0.843106	0.5805774	1.224346	M-miR.27a.BC.Caucasian.txt
1	0.5791306	0.446954	0.7503955	M-miR.27a.BC.txt
2	0.8874896	0.717296	1.098065	M-miR.27a.BC.txt
3	1.027274	0.7836564	1.346625	M-miR.27a.BC.txt
4	0.8769612	0.6345612	1.211957	M-miR.27a.BC.txt
5	0.8940423	0.7755333	1.030661	M-miR.27a.BC.txt
6	0.9875107	0.7288879	1.337898	M-miR.27a.BC.txt
7	0.8411961	0.7332751	0.9650006	M-miR.27a.BC.txt
8	0.5622335	0.3995602	0.7911361	M-miR.27a.BC.txt
9	0.8602338	0.6764727	1.093913	M-miR.27a.BC.txt
10	1.1802	0.8150299	1.708982	M-miR.27a.BC.txt
11	0.843106	0.5805774	1.224346	M-miR.27a.BC.txt
12	0.9937017	0.8897353	1.109817	M-miR.27a.BC.txt
1	0.8940423	0.7755333	1.030661	M-miR.27a.Caucasian.txt
2	0.8411961	0.7332751	0.9650006	M-miR.27a.Caucasian.txt
3	0.8213844	0.5813125	1.160602	M-miR.27a.Caucasian.txt
1	0.5791306	0.446954	0.7503955	M-miR.27a.HQ.txt
2	0.8874896	0.717296	1.098065	M-miR.27a.HQ.txt
3	0.8769612	0.6345612	1.211957	M-miR.27a.HQ.txt
4	0.8940423	0.7755333	1.030661	M-miR.27a.HQ.txt
5	0.9875107	0.7288879	1.337898	M-miR.27a.HQ.txt
6	0.8411961	0.7332751	0.9650006	M-miR.27a.HQ.txt
7	0.8602338	0.6764727	1.093913	M-miR.27a.HQ.txt
8	1.44227	0.9686102	2.147555	M-miR.27a.HQ.txt
9	1.1802	0.8150299	1.708982	M-miR.27a.HQ.txt
10	0.9937017	0.8897353	1.109817	M-miR.27a.HQ.txt
1	1.027274	0.7836564	1.346625	M-miR.27a.LQ.txt
2	0.5622335	0.3995602	0.7911361	M-miR.27a.LQ.txt
3	0.8213844	0.5813125	1.160602	M-miR.27a.LQ.txt
1	0.5791306	0.446954	0.7503955	M-miR.27a.overall.txt
2	0.8874896	0.717296	1.098065	M-miR.27a.overall.txt
3	1.027274	0.7836564	1.346625	M-miR.27a.overall.txt
4	0.8769612	0.6345612	1.211957	M-miR.27a.overall.txt
5	0.8940423	0.7755333	1.030661	M-miR.27a.overall.txt
6	0.9875107	0.7288879	1.337898	M-miR.27a.overall.txt
7	0.8411961	0.7332751	0.9650006	M-miR.27a.overall.txt
8	0.5622335	0.3995602	0.7911361	M-miR.27a.overall.txt
9	0.8602338	0.6764727	1.093913	M-miR.27a.overall.txt
10	1.44227	0.9686102	2.147555	M-miR.27a.overall.txt
11	1.1802	0.8150299	1.708982	M-miR.27a.overall.txt
12	0.8213844	0.5813125	1.160602	M-miR.27a.overall.txt
13	0.9937017	0.8897353	1.109817	M-miR.27a.overall.txt
1	0.9636796	0.69658	1.333197	M-miR.34.bc.txt
2	1.106596	0.914635	1.338845	M-miR.34.bc.txt
3	0.910087	0.7886466	1.050228	M-miR.34.bc.txt
4	1.205987	0.9507352	1.529768	M-miR.34.bc.txt
1	1.037689	0.7500767	1.435585	M-miR.34b.BC.txt
2	0.9036723	0.7469125	1.093332	M-miR.34b.BC.txt
3	1.098796	0.9521747	1.267995	M-miR.34b.BC.txt
1	0.9712679	0.7773617	1.213542	M-miR.373.txt
2	1.114042	0.6131163	2.024232	M-miR.373.txt
1	2.650944	1.831201	3.837646	M-miR.499.Asian.txt
2	1.446617	1.10779	1.889077	M-miR.499.Asian.txt
3	1.099196	0.8347933	1.447342	M-miR.499.Asian.txt
4	0.9467583	0.5998119	1.494388	M-miR.499.Asian.txt
5	1.554722	1.107143	2.183241	M-miR.499.Asian.txt
6	1.649249	1.168565	2.32766	M-miR.499.Asian.txt
7	2.205575	1.267603	3.837605	M-miR.499.Asian.txt
8	0.456496	0.2826966	0.7371458	M-miR.499.Asian.txt
9	1.444144	1.012341	2.060129	M-miR.499.Asian.txt
10	1.265499	1.01201	1.582482	M-miR.499.Asian.txt
11	1.265703	1.05183	1.523064	M-miR.499.Asian.txt
12	1.344961	0.8240572	2.19514	M-miR.499.Asian.txt
13	0.6427066	0.3586683	1.151682	M-miR.499.Asian.txt
14	0.9229778	0.6211402	1.371491	M-miR.499.Asian.txt
1	1.446617	1.10779	1.889077	M-miR.499.HQ.txt
2	0.9467583	0.5998119	1.494388	M-miR.499.HQ.txt
3	1.554722	1.107143	2.183241	M-miR.499.HQ.txt
4	1.649249	1.168565	2.32766	M-miR.499.HQ.txt
5	1.060407	0.8303676	1.354175	M-miR.499.HQ.txt
6	1.444144	1.012341	2.060129	M-miR.499.HQ.txt
7	1.265499	1.01201	1.582482	M-miR.499.HQ.txt
8	0.9987255	0.8815838	1.131433	M-miR.499.HQ.txt
9	1.265703	1.05183	1.523064	M-miR.499.HQ.txt
10	1.006051	0.8804314	1.149595	M-miR.499.HQ.txt
1	2.650944	1.831201	3.837646	M-miR.499.HWE.txt
2	1.446617	1.10779	1.889077	M-miR.499.HWE.txt
3	1.099196	0.8347933	1.447342	M-miR.499.HWE.txt
4	1.060407	0.8303676	1.354175	M-miR.499.HWE.txt
5	2.205575	1.267603	3.837605	M-miR.499.HWE.txt
6	0.456496	0.2826966	0.7371458	M-miR.499.HWE.txt
7	1.444144	1.012341	2.060129	M-miR.499.HWE.txt
8	1.265499	1.01201	1.582482	M-miR.499.HWE.txt
9	0.9987255	0.8815838	1.131433	M-miR.499.HWE.txt
10	1.265703	1.05183	1.523064	M-miR.499.HWE.txt
11	1.344961	0.8240572	2.19514	M-miR.499.HWE.txt
12	1.006051	0.8804314	1.149595	M-miR.499.HWE.txt
13	0.6427066	0.3586683	1.151682	M-miR.499.HWE.txt
1	2.650944	1.831201	3.837646	M-miR.499.LQ.txt
2	1.099196	0.8347933	1.447342	M-miR.499.LQ.txt
3	2.205575	1.267603	3.837605	M-miR.499.LQ.txt
4	0.456496	0.2826966	0.7371458	M-miR.499.LQ.txt
5	1.344961	0.8240572	2.19514	M-miR.499.LQ.txt
6	0.6427066	0.3586683	1.151682	M-miR.499.LQ.txt
7	0.9229778	0.6211402	1.371491	M-miR.499.LQ.txt
1	2.650944	1.831201	3.837646	M-miR.499.overall.txt
2	1.446617	1.10779	1.889077	M-miR.499.overall.txt
3	1.099196	0.8347933	1.447342	M-miR.499.overall.txt
4	0.9467583	0.5998119	1.494388	M-miR.499.overall.txt
5	1.554722	1.107143	2.183241	M-miR.499.overall.txt
6	1.649249	1.168565	2.32766	M-miR.499.overall.txt
7	1.060407	0.8303676	1.354175	M-miR.499.overall.txt
8	2.205575	1.267603	3.837605	M-miR.499.overall.txt
9	0.456496	0.2826966	0.7371458	M-miR.499.overall.txt
10	1.444144	1.012341	2.060129	M-miR.499.overall.txt
11	1.265499	1.01201	1.582482	M-miR.499.overall.txt
12	0.9987255	0.8815838	1.131433	M-miR.499.overall.txt
13	1.265703	1.05183	1.523064	M-miR.499.overall.txt
14	1.344961	0.8240572	2.19514	M-miR.499.overall.txt
15	1.006051	0.8804314	1.149595	M-miR.499.overall.txt
16	0.6427066	0.3586683	1.151682	M-miR.499.overall.txt
17	0.9229778	0.6211402	1.371491	M-miR.499.overall.txt
1	0.5791306	0.446954	0.7503955	M-miR27a.HWE.txt
2	1.027274	0.7836564	1.346625	M-miR27a.HWE.txt
3	0.8769612	0.6345612	1.211957	M-miR27a.HWE.txt
4	0.8940423	0.7755333	1.030661	M-miR27a.HWE.txt
5	0.9875107	0.7288879	1.337898	M-miR27a.HWE.txt
6	0.8411961	0.7332751	0.9650006	M-miR27a.HWE.txt
7	0.5622335	0.3995602	0.7911361	M-miR27a.HWE.txt
8	0.8602338	0.6764727	1.093913	M-miR27a.HWE.txt
9	1.44227	0.9686102	2.147555	M-miR27a.HWE.txt
10	1.1802	0.8150299	1.708982	M-miR27a.HWE.txt
11	0.8213844	0.5813125	1.160602	M-miR27a.HWE.txt
12	0.9937017	0.8897353	1.109817	M-miR27a.HWE.txt
1	0.5791306	0.446954	0.7503955	M-27a.Asian
1	1.027274	0.7836564	1.346625	M-27a.Asian
1	0.8769612	0.6345612	1.211957	M-27a.Asian
1	0.9875107	0.7288879	1.337898	M-27a.Asian
1	0.5622335	0.3995602	0.7911361	M-27a.Asian
1	0.8602338	0.6764727	1.093913	M-27a.Asian
1	1.44227	0.9686102	2.147555	M-27a.Asian
1	1.1802	0.8150299	1.708982	M-27a.Asian
