        Study  ORG           95% LL         95% UL
           1  0.8837551      0.6360105       1.228004    
           2   2.004386       1.526380       2.632087    
           3   1.352672      0.7727822       2.367707    
           4   1.209221      0.9639516       1.516898    
           5   1.062368      0.8018860       1.407465    
           6  0.5210527      0.3258728      0.8331345    
           7  0.9279574      0.6039495       1.425789    
           8   1.021914      0.8322576       1.254789    
           9   1.194859      0.7394084       1.930852    
          10  0.5471424      0.4146492      0.7219713    
          11   1.833314       1.242867       2.704264    
          12  0.8707324      0.6937038       1.092937    
          13  0.9727218      0.6905378       1.370218    
          14   1.000413      0.8273792       1.209635    
          15   1.023721      0.9059899       1.156751    
          16  0.9885011      0.8524731       1.146235    
          17   1.096723      0.6420770       1.873296    
          18   1.012965      0.5337081       1.922581    
          19  0.9482992      0.8488031       1.059458    
          20   1.391350      0.8696217       2.226089    
  
 ***META-ANALYSIS RESULTS***
  
 Heterogeneity metrics
 Q=        69.56253     P-value for Q=  1.1920929E-07
  
 I^2(%)=   72.68645    
  
 Fixed Effects model
  
 ORG=               1.009116    
 95% Lower Limit=  0.9583759    
 95% Upper Limit=   1.062542    
  
 Random Effects model
  
 ORG=               1.032076    
 95% Lower Limit=  0.9224403    
 95% Upper Limit=   1.154743    
