        Study  ORG           95% LL         95% UL
           1  0.8837551      0.6360105       1.228004    
           2   2.004386       1.526380       2.632087    
           3   1.389385      0.9438809       2.045165    
           4   1.352672      0.7727822       2.367707    
           5  0.5121990      0.3497528      0.7500951    
           6   1.062368      0.8018860       1.407465    
           7  0.5210527      0.3258728      0.8331345    
           8  0.9279574      0.6039495       1.425789    
           9  0.6959451      0.5140812      0.9421462    
          10   1.194859      0.7394084       1.930852    
          11   1.833314       1.242867       2.704264    
          12  0.9247312      0.6665133       1.282987    
          13  0.8707324      0.6937038       1.092937    
          14  0.9727218      0.6905378       1.370218    
          15  0.6646519      0.5312927      0.8314853    
          16  0.9885011      0.8524731       1.146235    
          17   1.096723      0.6420770       1.873296    
          18   1.391350      0.8696217       2.226089    
          19  0.3928114      0.2709450      0.5694911    
          20  0.8150558      0.5502697       1.207255    
  
 ***META-ANALYSIS RESULTS***
  
 Heterogeneity metrics
 Q=        102.8046     P-value for Q=  0.0000000E+00
  
 I^2(%)=   81.51833    
  
 Fixed Effects model
  
 ORG=              0.9369594    
 95% Lower Limit=  0.8742574    
 95% Upper Limit=   1.004158    
  
 Random Effects model
  
 ORG=              0.9412721    
 95% Lower Limit=  0.7942382    
 95% Upper Limit=   1.115526    
