        Study  ORG           95% LL         95% UL
           1   1.244290      0.8320051       1.860875    
           2   1.036280      0.8003005       1.341841    
           3   1.769899       1.001221       3.128721    
           4  0.9438922      0.7715862       1.154677    
           5  0.6866406      0.5633984      0.8368418    
           6  0.6282711      0.4656803      0.8476300    
           7  0.8273290      0.5425469       1.261593    
           8  0.5936602      0.3165021       1.113523    
           9   1.242268      0.8878353       1.738193    
          10  0.9283092      0.6520760       1.321561    
          11   1.092105      0.6482984       1.839730    
          12  0.7944551      0.4811421       1.311793    
          13  0.7944120      0.5004807       1.260969    
          14   1.074926      0.8592121       1.344798    
          15  0.9930435      0.7091585       1.390571    
          16  0.9713889      0.8767487       1.076245    
          17  0.7074733      0.5602931      0.8933154    
          18  0.8277663      0.7162941      0.9565862    
          19   1.334069       1.025822       1.734939    
          20   1.536688      0.9117814       2.589885    
          21   1.442577      0.8406950       2.475367    
          22   1.047888      0.7514223       1.461321    
          23   1.044393      0.9119878       1.196022    
          24  0.5845150      0.3664516      0.9323407    
  
 ***META-ANALYSIS RESULTS***
  
 Heterogeneity metrics
 Q=        59.99930     P-value for Q=  3.8206577E-05
  
 I^2(%)=   61.66622    
  
 Fixed Effects model
  
 ORG=              0.9404003    
 95% Lower Limit=  0.8946833    
 95% Upper Limit=  0.9884533    
  
 Random Effects model
  
 ORG=              0.9482121    
 95% Lower Limit=  0.8641096    
 95% Upper Limit=   1.040500    
