        Study  ORG           95% LL         95% UL
           1   1.244290      0.8320051       1.860875    
           2   1.036280      0.8003005       1.341841    
           3   1.065963      0.7343266       1.547374    
           4   1.769899       1.001221       3.128721    
           5  0.6174735      0.4208916      0.9058713    
           6  0.6866406      0.5633984      0.8368418    
           7  0.6941121      0.5555718      0.8671997    
           8  0.6282711      0.4656803      0.8476300    
           9  0.8273290      0.5425469       1.261593    
          10  0.5936602      0.3165021       1.113523    
          11   1.242268      0.8878353       1.738193    
          12  0.9279308      0.6878264       1.251850    
          13   1.092105      0.6482984       1.839730    
          14  0.7944551      0.4811421       1.311793    
          15  0.7944120      0.5004807       1.260969    
          16  0.9003053      0.6498849       1.247220    
          17   1.074926      0.8592121       1.344798    
          18  0.9930435      0.7091585       1.390571    
          19  0.8277663      0.7162941      0.9565862    
          20   1.442577      0.8406950       2.475367    
          21  0.5845150      0.3664516      0.9323407    
          22   1.280758      0.8285577       1.979754    
          23  0.3521830      0.2376978      0.5218093    
  
 ***META-ANALYSIS RESULTS***
  
 Heterogeneity metrics
 Q=        69.40585     P-value for Q=  8.3446503E-07
  
 I^2(%)=   68.30238    
  
 Fixed Effects model
  
 ORG=              0.8486776    
 95% Lower Limit=  0.7957690    
 95% Upper Limit=  0.9051040    
  
 Random Effects model
  
 ORG=              0.8692835    
 95% Lower Limit=  0.7682455    
 95% Upper Limit=  0.9836098    
