        Study  ORG           95% LL         95% UL
           1   1.036280      0.8003005       1.341841    
           2   1.065963      0.7343266       1.547374    
           3  0.6174735      0.4208916      0.9058713    
           4  0.9438922      0.7715862       1.154677    
           5  0.6866406      0.5633984      0.8368418    
           6  0.6941121      0.5555718      0.8671997    
           7  0.6282711      0.4656803      0.8476300    
           8  0.5936602      0.3165021       1.113523    
           9   1.242268      0.8878353       1.738193    
          10  0.9283092      0.6520760       1.321561    
          11  0.9279308      0.6878264       1.251850    
          12   1.092105      0.6482984       1.839730    
          13  0.9003053      0.6498849       1.247220    
          14   1.074926      0.8592121       1.344798    
          15  0.9713889      0.8767487       1.076245    
          16  0.7074733      0.5602931      0.8933154    
          17  0.8277663      0.7162941      0.9565862    
          18   1.334069       1.025822       1.734939    
          19  0.9789320      0.7215434       1.328136    
          20   1.044393      0.9119878       1.196022    
          21  0.5845150      0.3664516      0.9323407    
          22   1.280758      0.8285577       1.979754    
  
 ***META-ANALYSIS RESULTS***
  
 Heterogeneity metrics
 Q=        58.58691     P-value for Q=  2.0861626E-05
  
 I^2(%)=   64.15581    
  
 Fixed Effects model
  
 ORG=              0.9124672    
 95% Lower Limit=  0.8692580    
 95% Upper Limit=  0.9578243    
  
 Random Effects model
  
 ORG=              0.8984818    
 95% Lower Limit=  0.8208362    
 95% Upper Limit=  0.9834722    
