        Study  ORG           95% LL         95% UL
           1   1.244290      0.8320051       1.860875    
           2   1.036280      0.8003005       1.341841    
           3   1.065963      0.7343266       1.547374    
           4   1.769899       1.001221       3.128721    
           5  0.6174735      0.4208916      0.9058713    
           6  0.9438922      0.7715862       1.154677    
           7  0.6866406      0.5633984      0.8368418    
           8  0.6941121      0.5555718      0.8671997    
           9  0.6282711      0.4656803      0.8476300    
          10  0.8273290      0.5425469       1.261593    
          11  0.5936602      0.3165021       1.113523    
          12   1.242268      0.8878353       1.738193    
          13  0.9283092      0.6520760       1.321561    
          14  0.9279308      0.6878264       1.251850    
          15   1.092105      0.6482984       1.839730    
          16  0.7944551      0.4811421       1.311793    
          17  0.7944120      0.5004807       1.260969    
          18  0.9003053      0.6498849       1.247220    
          19   1.074926      0.8592121       1.344798    
          20  0.9930435      0.7091585       1.390571    
          21  0.9713889      0.8767487       1.076245    
          22  0.7074733      0.5602931      0.8933154    
          23  0.8277663      0.7162941      0.9565862    
          24   1.334069       1.025822       1.734939    
          25   1.536688      0.9117814       2.589885    
          26   1.442577      0.8406950       2.475367    
          27  0.9789320      0.7215434       1.328136    
          28   1.044393      0.9119878       1.196022    
          29  0.5845150      0.3664516      0.9323407    
          30   1.280758      0.8285577       1.979754    
          31  0.3521830      0.2376978      0.5218093    
  
 ***META-ANALYSIS RESULTS***
  
 Heterogeneity metrics
 Q=        96.27138     P-value for Q=  0.0000000E+00
  
 I^2(%)=   68.83809    
  
 Fixed Effects model
  
 ORG=              0.9130051    
 95% Lower Limit=  0.8718835    
 95% Upper Limit=  0.9560662    
  
 Random Effects model
  
 ORG=              0.9070684    
 95% Lower Limit=  0.8269118    
 95% Upper Limit=  0.9949949    
