        Study  ORG           95% LL         95% UL
           1  0.8837551      0.6360105       1.228004    
           2   2.004386       1.526380       2.632087    
           3   1.389385      0.9438809       2.045165    
           4   1.209221      0.9639516       1.516898    
           5  0.5121990      0.3497528      0.7500951    
           6  0.5210527      0.3258728      0.8331345    
           7  0.6959451      0.5140812      0.9421462    
           8   1.021914      0.8322576       1.254789    
           9  0.5471424      0.4146492      0.7219713    
          10  0.9681730      0.5959744       1.572817    
          11  0.9247312      0.6665133       1.282987    
          12  0.8707324      0.6937038       1.092937    
          13  0.9727218      0.6905378       1.370218    
          14   1.000413      0.8273792       1.209635    
          15  0.6646519      0.5312927      0.8314853    
          16   1.023721      0.9059899       1.156751    
          17  0.9885011      0.8524731       1.146235    
          18   1.096723      0.6420770       1.873296    
          19   1.012965      0.5337081       1.922581    
          20  0.9482992      0.8488031       1.059458    
          21   1.391350      0.8696217       2.226089    
          22  0.3928114      0.2709450      0.5694911    
  
 ***META-ANALYSIS RESULTS***
  
 Heterogeneity metrics
 Q=        110.0343     P-value for Q=  0.0000000E+00
  
 I^2(%)=   80.91505    
  
 Fixed Effects model
  
 ORG=              0.9410561    
 95% Lower Limit=  0.8956416    
 95% Upper Limit=  0.9887735    
  
 Random Effects model
  
 ORG=              0.9018027    
 95% Lower Limit=  0.7961437    
 95% Upper Limit=   1.021484    
